camera_matrix:
- [1545.412763409073, 0.0, 597.2250365319205]
- [0.0, 1551.2172618412867, 322.12956014588366]
- [0.0, 0.0, 1.0]
dist_coeff:
- [0.13010559712865416, 0.11946234068479318, -0.007851979962866925, -0.007069112800439592,
  0.0]
height: 720
width: 1280
