camera_matrix:
- [1031.3283219694933, 0.0, 679.6961920863029]
- [0.0, 1034.5493090172774, 394.47884361100535]
- [0.0, 0.0, 1.0]
dist_coeff:
- [0.23052173536082066, -0.36688689645877415, -0.0016243705962620857, -0.001252887624425678,
  0.0]
height: 756
width: 1344
